100
35 7
12 12
15 94
66 1
47 65
35 44
4 67
60 39
25 40
84 62
23 47
57 86
60 85
36 49
34 44
26 0
53 50
44 98
74 24
78 41
86 62
62 96
1 9
28 21
93 11
70 89
90 29
50 5
30 14
9 62
94 55
20 79
37 50
14 86
70 79
72 62
46 73
56 60
78 16
20 6
46 49
86 10
35 52
11 59
45 84
38 59
27 53
13 11
7 56
76 54
15 5
40 26
30 53
71 76
0 59
25 44
30 27
70 16
33 86
3 62
63 52
3 80
5 77
44 21
53 97
27 31
92 82
47 45
37 96
32 56
67 64
100 11
45 22
93 1
50 61
8 12
0 79
15 53
28 16
32 65
97 48
80 86
53 6
82 89
59 82
35 10
28 61
9 47
43 86
31 16
75 5
44 85
33 45
47 75
52 32
61 20
26 41
47 56
47 77
61 17
